-61.61505678170798 -91.6368699243885 0.4983035485060262
63.184920928938226 74.45519438840711 0.4961028439847146
-7.369978262136684 -36.80601260694984 0.418350697763613
-77.76581808064012 98.30510997262368 0.4985607790550136
10.412262878768175 77.38232539072871 0.49398688371763905
-58.36386006887455 29.857794842778105 0.4879938061398696
-53.610039587256765 92.50905804795704 0.496837584032318
22.921070650129877 -84.78592119730007 0.49365410895926165
35.588087787888355 -46.63179482953783 0.5119093285160157
23.646856933904516 -86.71764726018922 0.5046505673904765
-87.02677135756448 -85.10213933644421 0.5000623017618276
-12.5892477682751 -28.936729683730505 0.3794165442112337
99.03515006588182 60.460927254052024 0.49781114542781163
-28.961336449229094 10.662740193391258 0.44146316539339575
79.99405832549019 45.59054712973469 0.5019818673143139
-95.79109627674951 46.87713095244706 0.4969168218121143
-55.53669533413832 3.75458838021909 0.5059023452402772
69.66666331663401 6.38997843137696 0.5016846772468028
-51.670775017507275 -98.15010804892378 0.50099079294687
81.04119210244906 -40.41484490372098 0.4972855597394735
-25.830174829891874 87.41669817628349 0.4942553215021351
26.256465603628797 -44.33999365845123 0.5306555084561733
-85.2321912199869 38.5826817339379 0.4989981369280283
12.283530396334228 -29.75518078889732 0.4974929539229175
-68.04500996142558 -69.7982921955539 0.4955372577526326
-63.59219362297246 -53.509235422196454 0.5076738784946425
-43.532763199809125 43.59950513591585 0.5166038674157587
61.3213132096858 -81.21526139944073 0.5030329610773119
-70.19483863814062 -27.70777304507139 0.4889458511815185
-55.512976637076235 84.08626056629276 0.4963874193702661
94.38791986428075 65.9751944468224 0.5013620010040567
-13.701813653111742 65.34466544385094 0.5002317554684751
-81.46971532059368 99.86958870111675 0.4984081600021657
43.793383808662696 38.51256097135959 0.5237902059364735
89.16240850285635 -45.37138341832198 0.49769144329668724
-22.827373606564308 2.1612431494714883 0.5646652390658792
12.167017408244732 -79.22513653248562 0.5090361267381124
-38.96708521250749 14.68884986216365 0.5023506687424882
-65.89286090517027 -98.93288520889804 0.4988664601025947
59.617299397102954 56.878954813376026 0.4988702955862804
81.06825985447333 -68.39091026766859 0.49977132290380083
-37.41806537397861 76.6281897318353 0.49549184546471287
-8.8384730954932 1.1910129887562846 0.2728443710418461
88.1135625226078 -49.868075554336876 0.49944875393430777
-85.58329381386866 30.60837233225996 0.4946969342004461
-99.66169799606612 25.558280913727785 0.5000031787748023
89.7213123826773 22.075077408085647 0.5046580107769079
66.97465684794011 54.673711337433986 0.506905992207923
3.50823888826568 60.4311213553803 0.5026239991305743
-95.99474939397545 15.247981812552936 0.4957498753874136
57.48837135730085 -31.705979250159004 0.48580863841861865
-60.30084298802638 -98.32880412051186 0.5005205094413423
22.99972026298917 -32.995996063582496 0.47627022843071243
-26.745489156995745 -53.444028646518845 0.47632679829126323
39.0906423941787 -0.3103972726434847 0.5733200813761541
-37.10217463324441 -39.70237480467056 0.50931337069291
-96.13857828711406 51.803666617042495 0.49977870777404915
60.43467440178384 -60.691758847468776 0.5005910397213548
-56.273083853652864 -98.70290056485491 0.4986921174653719
56.06313439382467 -34.84249157527543 0.48261925253711124
25.391286740985493 54.20929932678368 0.477576459734481
-42.599055390883024 -87.12789593471662 0.4968168882089389
91.1542418819952 34.71694931790131 0.4956852157631305
26.388533414274747 -35.10163635147747 0.442233529105857
-84.70088325203271 21.853159528324966 0.4962795375545407
-25.837000833557866 -82.88958229749977 0.5044830733582171
-70.43451607633978 86.613809138221 0.5026907183817233
-34.455958828977984 -3.392176679249957 0.39744705260796015
99.15905500136603 28.842815717337004 0.49746005410211425
8.15265334404556 86.49624622676885 0.5038590802551176
-22.14967699321255 -64.41268280065258 0.5065540050612105
4.520851832619428 33.06477016829871 0.5802370608516836
-60.663920541907366 49.35379759129205 0.4922669030703582
8.164098326293768 32.53383965936217 0.5490653070191204
29.476754056578358 2.585649010106124 0.6240226819271243
-80.24262683430949 44.93804549091021 0.5008625167495979
26.308503015000312 -60.50214852719371 0.48254854671700276
13.839567994789206 54.837952962144556 0.471642526626135
37.01168355828236 -7.28164327423238 0.4149095709951656
32.13591901282442 -49.09251174516671 0.5112254680425421
63.19258923198686 20.1657502509416 0.4870806488985594
60.10235635543995 -8.020726722283442 0.5071707779818323
80.70815365710274 59.69207168111666 0.49609972337547137
26.79654294423233 -28.353168044842135 0.568405315334299
-89.8608478840157 -80.77486155228515 0.5019931113236746
-35.53612110469548 71.47793519818072 0.5077323362996093
-60.203880438397306 87.86527820216921 0.49729995577295755
-41.216126904372864 -8.169193584076083 0.5461456800586983
-87.5358243149183 -99.679597329548 0.49979030760239146
-94.9452173312616 -24.626073444088007 0.4992249585092366
22.881419772444673 -32.41709944599782 0.5515612138974246
-78.19315231760862 19.07779431372461 0.5065270246130148
52.983217816633044 -28.555361021109874 0.48728005595224766
86.61126680785227 97.60384347217112 0.5014976460572818
92.91180697295201 80.91411413018358 0.49961457337488796
73.77658671274162 81.26189432986385 0.4972927147959436
-54.264413928568935 -38.900196953535485 0.5002787318542583
-4.226770171118616 62.79169561005469 0.4801023966450011
62.04421793397648 -42.436790657710844 0.48986297632454917
27.954196075217325 -65.90010627566545 0.49702027439169444
85.41228985394719 51.14668154134401 0.5015604529736635
53.67328823189152 53.400688366534894 0.49108331894293267
15.917183795449859 19.906549618750645 0.36067211157232215
55.70716884016986 -45.952118869451674 0.4871016085894905
-2.6924828963409198 -58.47099752741032 0.5172813377357125
-21.502302899763848 -93.74476455617318 0.5035739592873506
84.74350596682382 30.400902493234867 0.5032973021926419
22.092880334281546 63.018901570557205 0.5006867239583984
-49.89374683102863 -81.23491158334099 0.5027773874391797
-45.99052421215577 -86.94633283279501 0.5015928933414875
-6.858743907228984 -99.21187421280982 0.5023589345882233
-2.796231514373318 -85.9306290458637 0.5047633198119507
71.33756569862814 -71.89276787750086 0.49971254953746436
62.995667044926506 -47.743631749312286 0.4949199758115741
40.442460920415726 34.89582784631253 0.46633130372593823
-91.6802027423746 -70.87815486441924 0.49818024353560025
-84.80676977419299 34.10000810715806 0.4952814050944599
20.608193789405888 83.17201542444391 0.5011264122360249
71.62384547364061 9.978254034045065 0.487205178382763
-23.455735270448642 63.86545655623746 0.5087301270509942
37.6352347022175 -32.406366451732225 0.48498325457438696
-81.72482342859828 26.219789805414123 0.5030357688186294
62.09467061084442 -87.10436390185465 0.4969293261960615
14.58594830298803 -27.0075855216717 0.4830555731403376
33.50500104956967 -73.84418774911474 0.4967077873347683
-62.175383010566755 -30.75816066610446 0.48704370515158507
-53.059236585233414 -48.639763369470536 0.48886653301044725
-52.00932001112646 -80.279564396481 0.5045944447448972
23.16183810553514 71.12907904835257 0.4956865659489807
58.29227571654323 60.288913810494904 0.5026739027646848
78.22200938664264 83.22977276196178 0.5015770688752386
93.90157227206168 -11.762600810190847 0.496397194197153
39.23287265540009 67.90163719238146 0.4904941000360448
-44.258129819875535 66.9693498621215 0.5085549879150242
-18.830055517836698 75.67939611405558 0.49553152277429824
70.97759363099888 -74.44671070958864 0.5002041720276262
-26.72082736334525 10.911466958062533 0.4429021054998754
-26.614657157894868 -97.01288032046769 0.4959920076801948
85.52798314164096 -76.19932374816656 0.502436001735686
-8.436520623817628 2.8839146957494677 0.27467635550136626
16.094055126158963 -36.361793602443846 0.5412546591221078
-39.50622861379329 -79.31861190901613 0.49826806318863875
94.8635125602627 58.64844373209917 0.5027685246279893
-63.83053812543227 48.736865911150375 0.5083059374454584
5.073202917916021 -28.29042132683732 0.41092847191520093
14.632800742307126 -68.24607242561996 0.49702601618151454
51.40350406320272 12.179187157033283 0.48613258649451857
58.14874855658752 -87.32023710973749 0.5027257645822422
96.02050983164628 3.9015386540573758 0.5040379277821828
-73.52009628373486 57.03107016767797 0.5039584297050095
-85.55092241996873 -89.3183092102354 0.5012761083090712
72.27344311664828 28.03181725811504 0.5046122621272132
-62.031532154569355 -18.81967366485813 0.5123077428946429
-15.469587304719184 -48.48369053810655 0.48786459144247213
-63.07999384941323 -90.90127551771553 0.49945033604897554
-71.32128799881552 -16.31741539809184 0.5029943381452446
55.06712816908953 13.976282729606424 0.47584687650431906
-56.33570162501058 58.790088247196024 0.49251851171423894
-90.78748431778574 -24.344564729261748 0.4954784213264799
-75.96687098482957 -12.595643746795488 0.5103869523791383
-79.55589419967419 -67.73571243615115 0.5001954389659182
-16.45896978779527 -49.85366792200492 0.5085152683583496
-63.145821967405816 11.888237871267222 0.5181875822432291
80.5567452650202 -18.427566009732303 0.5027318451923307
-35.577425328137 34.32891946161064 0.5034482181065494
48.87602014453324 35.92441022864884 0.5081563885736874
66.08375301227494 87.95015974537816 0.497104835423743
-60.346071845470604 89.69312024116621 0.502629408365241
82.33899932874485 78.97725100455136 0.501036955578691
99.70528937754406 -29.226453485703317 0.4967735088245131
-49.56626541536604 -72.60033370721612 0.49347950727200646
-50.840977263592244 -23.03540702762652 0.4968876252123697
23.535848034215846 43.21422202129338 0.5221293010176025
-27.41582140669854 -55.39367474758738 0.509922889320474
10.433028069274712 -7.032760446563941 0.12751509395281974
29.395102580428187 -81.56329025561683 0.50565194257017
-17.532305733595962 54.83985905712507 0.5124095831657263
50.77344782272516 -6.948955079914555 0.5145185487465596
-8.850629265763388 27.16861273955891 0.3748561955944737
67.35672782933133 -22.922566953686754 0.5081437556896327
-72.08035700527194 -83.53488674180456 0.49790591386968064
66.84727422775251 42.96347412036096 0.5025485601612941
-8.43470224516021 57.038857854986304 0.5161825785833346
-33.92048712887666 47.0057553042692 0.5250830637096664
7.613520961552837 7.5612523633569 0.8467851551904696
3.2253682587934662 9.811270940046526 0.5951816762307967
83.40131528224714 -79.40980954493608 0.5013639484282254
92.05182732312272 -33.4323254740829 0.49794331442605244
-72.90285087407383 -41.186835199830504 0.5044605889981302
-7.91086637876279 -9.545575026214266 0.1455532554138943
-63.5614131890804 -4.391624641434561 0.503715782820251
-40.94972108108752 24.167339726758513 0.4689994573080403
-60.97511502548372 -0.9168492931058267 0.5190474507581901
-39.06803240097829 98.6831052438954 0.4992981084080045
-1.4076867382306801 -23.176452705450117 0.663378800868588
-95.92767909366582 83.44180311857903 0.501667035151538
36.73418928720204 55.130451966933975 0.4853088483410447
-66.80563567834366 -90.0556719046175 0.5009686349202653
-68.4297220538006 -71.80726109738794 0.5038093735815083
81.19614952287839 -88.00240083560469 0.49839550300425534
-26.370291378528947 60.067531644636375 0.486929715889759
-3.3271552877558435 53.60690780813337 0.47276766766759815
33.80441952483119 19.825334013420587 0.5767439196145229
15.221030772924735 -85.77175475257988 0.5009103181785747
63.855360457823394 89.76780075612004 0.4973463795061578
-39.414008077960425 -23.91738829440324 0.5232064505213618
-67.24265031671834 50.55655107216256 0.4986204194071464
-5.019858337555888 -19.589174672235117 0.7323421784505573
-4.221589128695683 -67.44540840096136 0.5160997064337847
-75.53878950916393 -62.674952692978295 0.4998186677122365
-28.288800380483494 26.532164105452537 0.5449750127441894
46.454358510657414 -55.1356573126214 0.4876434907678384
34.485229983232415 -52.012453053792896 0.48624768400367097
76.07544622765272 -40.52035124292961 0.5064814364765517
-98.12146547380661 74.60844709164206 0.499837818592042
-56.653037933205596 19.40821223833001 0.47801373315713586
-80.65227956162883 6.486045440002087 0.49970768570515056
-86.00570355464853 -40.9731799902459 0.502219281282552
-58.064960981564575 -25.2325540218836 0.4885236111484354
-91.57890237300148 60.94484865383572 0.49710063619504163
-40.83542593322109 -80.08656133731111 0.5045487009899082
39.354393749142616 89.78039996593219 0.498705996480959
9.74397610209681 28.82755731379322 0.5526702954907595
-4.112841172854573 53.9208746561072 0.4926002773039808
3.618743684396236 14.061616359556822 0.7459624960644765
31.02931781443425 54.236817011078074 0.4840012717627947
-96.96682565281387 26.608499165837344 0.495952982577776
93.78264316495819 73.16830626443917 0.498584613280729
8.135235729140362 -96.78275306986164 0.4960381305716282
-62.232171573874574 -8.06445648270197 0.47975120070464783
15.95076854278932 14.907993311482002 0.2820918179812283
11.877527912380486 54.96966128628159 0.4765304947599177
-80.94207766042771 -1.5134817069103406 0.49894727854419857
73.1957187128055 -86.77040641575022 0.49827844864099335
59.49556202411085 -98.10338913721237 0.5024703900685697
-21.083944393093518 -37.666221958217804 0.5038039918515642
71.70431900355806 -25.96190390455901 0.5016298092356942
76.37024184109706 -56.17511241502597 0.4977946081617439
-8.893157618616684 42.28683602386138 0.4981805926741485
43.07886988411323 -13.85440519629968 0.5443536906678067
-33.482324629348 54.69196595924731 0.516297571335373
95.19160759493633 84.79987709943319 0.501473167602175
-68.6671840348152 70.55184255363758 0.5023004259648359
-34.11976549618889 -80.16435737429074 0.5007548413775889
28.384980615946432 56.710168068999906 0.4922796826045961
-39.5150355143906 -38.1367743849365 0.5307725708055587
35.46127339899738 0.7679727158839569 0.524577527354822
84.80408214395356 -31.092471101292546 0.49995847339233673
-2.476227601080666 43.94865438453084 0.44221043360598045
99.17823682460246 -30.9286942429313 0.4967361298681442
-28.460112008011592 84.5163160237615 0.5047234008608352
38.053563230351244 3.8300855473928976 0.46212410704492324
-88.36091561231463 -77.52044388049437 0.5019679974945008
-68.80979473634675 -31.954556883371282 0.4935266362807742
84.93177264342546 -60.37572102358655 0.49827554479882247
-71.91054643149405 -53.928190082974915 0.5046393654984417
93.82113607674339 -5.967089336171142 0.49540391874498946
-11.745190710431302 -47.71527649285032 0.5269977527066719
-69.28834700762894 -99.60493095073299 0.5014578033771908
-17.4315047821475 44.37439289665349 0.47895402105309304
-18.969379793984942 -7.530637633938866 0.7491180944412076
-39.75172580518633 57.59424493698714 0.5022976456850955
1.56981885305116 86.34772578836106 0.5069745313787275
-34.54590208367428 -53.08804725089102 0.48946677127322435
67.86575722621714 -52.92345248775059 0.5055727657447918
78.03674919193338 1.9397861870564128 0.49428412319594073
31.74008475872094 32.94767139747256 0.5482999263905302
-39.385273159114 32.00806510710922 0.47795983807235004
-71.26092855875584 96.33132386408082 0.4986614489938055
49.039539249574034 4.98049182417158 0.51563110921809
18.429873137808144 82.660210161794 0.49277748145016914
25.531264158776338 -84.83343031854767 0.49801650119742424
-87.72988249236877 -38.84389499092906 0.5046489137126277
-91.09860387412844 -68.00257104852807 0.4989860354970686
-15.286388520994976 -99.0638467025867 0.49659410504257223
-8.69985975126886 56.439407582057356 0.4878698168722683
-15.015063353219446 -77.68634977357078 0.49628679500971873
-9.763279282069576 70.68827436981843 0.5029900181116785
77.3631259857261 -80.58398423206134 0.5025714919657892
43.69336002064455 20.92403864695693 0.53918766912474
-72.29847435577472 56.26186314598385 0.4969780614396217
78.46949137722709 -25.449936786363608 0.5004362432143958
-72.47534427801077 24.8673005216979 0.5081519391375042
-6.269325675538909 76.92266381494949 0.509445304042774
89.12738649968011 -6.624375048650137 0.5058672040899972
-30.33928121210738 6.1227566738997865 0.4220262921428016
-45.486856592865465 18.118381053214435 0.5372519333525997
29.635010285264315 -92.3946996931468 0.49652472213470716
-29.29522540759433 90.49889161147124 0.500878407930495
-44.25573825465441 80.8976931037345 0.503307946181234
7.323972855101118 -57.79366462205739 0.5249419141704624
23.06077641506954 -40.67076615018084 0.46363340695975835
-22.745733160203812 90.29444714187358 0.5034205896419782
86.06856726260327 -6.524824240094489 0.506916340240185
-15.424392708044792 -39.650158510106294 0.5610884578828415
10.191345452408314 -28.10955906586547 0.6385426315135693
47.869633593308436 46.05459367426187 0.48948215253442195
44.08963772066451 5.581184552671672 0.46570357241320015
28.522647881234036 -34.923600879471635 0.5327436376142161
-66.58417696810068 -96.82588537978893 0.5018836229274919
-36.71495687121489 70.88887113565221 0.5078102761220625
-42.16598982771478 21.12957700084334 0.4520625424906074
28.871969392304464 -96.61050643705809 0.4966975569761316
65.89116174573638 -87.48969600964149 0.49806438037817413
63.79293930890276 72.53516276551409 0.5000697784611003
50.46504069904995 -98.65738108346306 0.500418163407822
-71.37660733906964 43.74780602086997 0.5046666390608248
65.16016976916703 -45.908348147805135 0.5064124724512663
90.30679055070951 3.9598783823333434 0.49913774255368787
5.036659001937238 19.01837339537107 0.5202764354092563
9.103777416237975 10.850174076374401 0.8463909975654994
-40.27628919175024 17.026176306796344 0.44854612414214845
-98.2850344487448 -95.89624064376562 0.500319632488636
-67.50174171103495 43.98841647633566 0.505411208019316
-55.65018460407407 57.599906046685845 0.5090881483574512
-25.14586852611646 -98.63655612143202 0.5031508110348988
71.08883889338006 9.330605440160639 0.4941769894221142
3.2593959198759848 45.26845020332914 0.5504362164824402
-53.870586012829214 42.25725328811157 0.4958103410584183
6.816046744622511 69.3273429564749 0.49328982495649165
-28.20094112317493 -21.663064076376997 0.5411813363520278
-13.807581130964323 -98.40931197203689 0.5028651745251095
5.242087642668565 -0.39278483355576554 0.7194823425040716
49.720220043696145 -98.42773939021956 0.4976746846997254
46.78634243378099 44.915904936345356 0.5113466173290934
76.06860723395198 -5.010593114965872 0.5010721949865617
66.43439003311906 -76.57297249022182 0.500462257488038
13.220456405835534 79.25903261211138 0.507947266117093
38.686821959323765 37.250882088864586 0.47259618302483336
-66.24071539393645 -27.09895067917752 0.49739650181614936
87.87385691272928 58.250833912889476 0.5031780003268495
3.9754360390512318 66.63219403066668 0.4997257495460506
61.622157455907455 2.3915268456467373 0.5148659559398746
92.36152607931774 -47.03739310802468 0.4963781738264905
83.92399617738587 -58.888641506063365 0.5025077016469147
1.2116901178559516 43.22720745797858 0.4942678688968232
-84.8004980614228 -46.212658767769035 0.5002713661792619
-66.79242442459815 16.713981243086067 0.4868804661020491
-86.01932839704594 -49.34721683759755 0.5038936253076188
47.421551753761804 80.82478333685347 0.49752206850045444
-81.07578578952985 31.08160445392872 0.5044148525831335
43.10997597754394 -26.5863643458369 0.4716712435177368
-75.38116597485913 65.759894522342 0.4977530726103238
29.127031022550113 -65.36294543095352 0.497667755301418
67.09542568681371 13.736815332047911 0.49521449995166267
91.02122091455851 -14.008814943481653 0.5021799201712056
-45.961310360627785 -91.06597118800089 0.5037750142924828
21.057034951824633 45.61274577091305 0.45979392939188235
-32.29190813969521 -66.3398797756663 0.5119916367515169
28.803674285815617 -60.52957814192788 0.5086484353945604
-53.27472206515813 -85.82257700867456 0.49773152161334017
-28.44311332687333 50.803714544780206 0.525379514527033
-11.75353643317149 46.178264952892846 0.4768789915864439
15.260112375770632 -60.67004392241062 0.4822825912328818
6.088978509057384 -17.339093894706224 0.33629343906053355
63.35189772038049 3.065765858587554 0.49260420605078953
-79.21707781655829 28.208637461360553 0.4992021650944832
62.08107487836523 87.47891687582165 0.49803692021085816
-78.56342440331755 13.351569993759199 0.506166654926161
79.16398832032945 48.076878499670016 0.5054136261258015
-37.05518993851919 -33.41244290311354 0.4697212226031876
36.90682299552901 -10.029916276588096 0.46206493052274544
-58.11353864840143 44.94342778394761 0.5091452033382007
-48.9588272086906 -67.8029777705971 0.5056796931124049
91.07856844339318 18.607073177465153 0.5045408367437696
85.46092034091407 -27.870549475796395 0.5045963997482218
-13.50164897161315 -5.308901334204009 0.7516580771585442
-53.61054090489246 20.86026046615305 0.5100839273068294
-41.79601919448896 -60.7909610641171 0.5119752681966587
26.239216733549583 87.76430444725057 0.4969043718663634
-26.20942103887012 96.97582310827684 0.4959820715414573
21.273650150952946 30.461567419295562 0.4590929747071254
-33.95723004701419 84.05821462848701 0.4963260540884738
26.82796977061895 51.31816104223611 0.5240509505507716
32.86964223814985 0.7389343967380029 0.612741391442544
-67.918555446122 -59.25030439336467 0.5022299288113664
15.088811231855786 -51.28980171039781 0.4666242867872734
78.00234166135269 -52.448325914697705 0.49547413000828044
19.491694142192117 66.35233722318475 0.48509721080246826
-77.05984795040163 -90.47169832292808 0.4989650962597606
94.42156265684855 13.802489023209134 0.5034560682693378
-64.62988178318227 -33.10815257010604 0.4904474169124428
-55.57742211222853 -24.555399849633957 0.5122444079160346
43.86408449227574 38.995014018055855 0.5104846492823908
-64.69529227536523 -25.329684417436084 0.4889703307519644
-55.75258085918207 -46.401870654305874 0.48918750954162354
-18.709876557526314 60.75556068104734 0.49819061820663985
-6.9496232139658645 -88.99427955170583 0.505330910722735
-94.62586062556777 -52.33828785333661 0.5027258794913256
-83.64430992223512 -8.57249300572866 0.4993122918898019
7.304029622306146 5.638658117617098 0.10806977872351448
-10.42677803502599 -7.006596149012708 0.127024258447539
11.026618487223928 48.23819241644637 0.4998039056009598
-79.79148640753067 97.81674954743579 0.4992700524834934
-8.703718569583899 -37.45286732657871 0.4945332783592597
-87.98418950710835 40.52345701235686 0.4976650434985536
-69.62654808351817 -16.181746432676974 0.4997061858189732
-50.16520640928495 81.72615028855972 0.5047548711313327
59.98416754745736 40.0370212225115 0.48749094059152426
28.33646092030611 -59.63022095225634 0.4826653611180407
-23.476296466429375 -62.62623618519365 0.504064992732539
98.86783107195168 52.72249369322216 0.5013759329074057
90.0209214675593 10.069342481744485 0.497052292998373
-55.125582461124665 -50.992727945506175 0.4906939014886247
49.19792311020507 34.656197996290786 0.4869031331782598
-38.63698520894248 -63.755343153895105 0.501479147838619
-6.921528973792306 -0.7535849488854183 0.40416067027096925
-21.71170629183709 71.1768336428556 0.5045164214459885
14.283318417725411 -63.99803450240604 0.48762000418928486
-5.543868328237039 62.43076584697647 0.48040067813517634
-25.196610272068384 -5.021923347588427 0.42077609763250734
20.836479096708032 62.86694578034326 0.48498572247499905
-63.61753355648061 -38.05131369824588 0.5097623654416599
-16.590874243996993 -50.03402759739066 0.4936391301854162
-72.02817115452561 -57.94417329067918 0.5048941025856192
-68.72708452483656 33.77139822365635 0.5075029904998437
10.723459306212106 -35.717734181156644 0.4398565636190254
65.35767542018442 35.39134810205684 0.506399017700342
-40.479099541992 -87.64771375259024 0.5005648246561477
17.959098914795263 -33.256067918447215 0.4167881120199346
5.040655430654311 81.40598439429368 0.49170427431695657
-75.85659666518706 -10.898760164650568 0.5083164421311457
-57.04230276111304 28.36392160713251 0.5034146992133322
58.948464264467106 -45.538332419097216 0.5028503702201926
7.99913493879005 17.00507102042606 0.22870593242593995
6.436027358697302 -22.04295448303462 0.5782206299385511
49.84728909580184 28.06076190383996 0.4928894026738707
43.38267308940405 -6.120470438594808 0.4446976380990989
-87.0205258259216 -79.62565223046603 0.5021571110796554
-65.45438231913492 -79.98592127439201 0.49705550650398544
-69.02097780108716 -77.8870086432421 0.49749096009134136
67.89893697441536 -89.19476963565873 0.5011270890259436
-77.82393917899503 38.87461985282039 0.5024768384252617
-48.54910732499684 81.35035561377558 0.4971854207769968
-76.00011380881824 -94.87540076479048 0.5006870752731668
-62.297080120989776 -30.796372562570056 0.4893030726341451
28.601977446132366 35.82172368962446 0.5436827695704984
45.36904842475121 -28.125285193119296 0.4663075839420353
-30.00538689427441 -76.66197497708819 0.49768459431202755
-42.67871089454245 -99.86224820591534 0.5027766582268801
-40.8457234806612 12.28110565426175 0.5557678779916535
-33.42836809163768 89.91875283460763 0.5046813577799767
39.67657086771604 -90.81551877047502 0.5040930403086428
-56.95234224900882 95.67867591718405 0.50260622227435
-78.70069061072257 33.01614086544936 0.49634372674821475
-10.600021156918245 -97.63759306661446 0.5003220804903878
18.133624379099288 2.3251866653143622 0.3814181226702457
68.02656100530405 -30.659467715835802 0.4999157615371805
19.951568985003703 95.10924401197124 0.4958142891901405
9.871121291643291 85.81475492116331 0.506980925043069
70.5532157461914 -28.147561743584617 0.4952975575762039
8.775624912774077 -57.51949732921997 0.5257738845759732
-9.689991895759036 -40.07243153629678 0.4509084577219381
24.35012530722736 54.48686548108853 0.4759772511724981
87.93484081752248 -39.12694656663125 0.5031093331015688
11.727396510222832 55.72559454067573 0.48055246068326446
7.474586208000915 62.928719236759974 0.4906058104737989
75.55136297632745 -43.46279942808293 0.5002474256502947
-31.779280556921748 -62.368216020369196 0.5027846614412802
-4.01337011297062 33.73805371216176 0.4572949371834798
31.545986157260813 -42.16941481179126 0.49708967803247117
-86.75864732804854 74.29906788960773 0.5016032629316711
47.94171382552085 -20.540887575240646 0.5289513191939221
-98.9616592033127 -81.71904784204912 0.4990189023121953
76.06225656546528 11.570214588743525 0.5104222732578897
-58.25538934032104 -42.62087889169279 0.48717998870170387
24.488679403734977 -58.81928593072345 0.5037350104143906
79.40170666627526 -55.76239286870213 0.4965535644088357
-4.835027951270774 25.51731892333619 0.5189412348164935
-61.11685642499409 -25.491880815500068 0.484814515873298
33.062325013138434 -54.04937402222711 0.4902043887048213
-7.4484621272816725 10.825112714211443 0.3506418119512651
-46.67133828900602 43.89655121244448 0.5151221388149498
35.48947277576568 -61.77266899578488 0.5060050464527782
46.623130575441905 -21.119196431003502 0.5099934185035001
81.47191853375935 54.94346248308463 0.5008099586942881
-12.080139642796567 -61.12816135402741 0.4894365805940193
-95.55360954886018 -37.25424248186569 0.502299006407157
-64.97677502051214 -6.616800649222384 0.49554702663527456
-21.308029991384885 90.78448575145143 0.5021766117181443
8.524651322561198 9.565090436246294 0.17488031396960835
-27.06799983152726 7.856406837545023 0.34718079125813506
-80.99898747644363 31.795105167288398 0.5021833293231097
95.98764455017877 -46.36792569045376 0.49702380085347575
75.62200724387034 -26.403672500350424 0.5090893104877294
31.076085323995727 53.744217562123964 0.49849640754820823
-34.221229083214126 -85.81368176842959 0.504591141260782
-20.494504715137168 -71.8832711375858 0.49692765434633224
31.559863817366477 -99.50866986734388 0.49954586081613084
64.8067144952924 -11.099797628301332 0.48408105338331037
-57.35267090160079 86.1330250700482 0.4966181792175617
83.72699218193361 -36.52417006369173 0.49492354093264634
50.783043117390946 -69.8845292224245 0.5069808568190014
60.058955042309634 -86.16417545534426 0.5031450074532673
73.02963603411962 3.8988719639570775 0.5022602496317825
-57.498229642981855 51.67755668247534 0.5079933960434494
-99.16807097046443 -68.22445792986336 0.5008263913245464
-10.503678864784334 -47.187552649066 0.5342127050616599
36.576763130876174 56.42664139978251 0.513539426450434
3.0151990425524957 -48.49276803712739 0.5432378199537445
-85.20296613850763 -13.974727759326825 0.506956180273355
-81.84957656870573 29.05914763864544 0.5041367878554703
11.120208192893116 82.18213909608602 0.5064517721759052
-78.04498558689929 -80.42685869422957 0.5012691103857193
-74.1778320245251 43.014205284760095 0.5019632923913607
35.573533756963144 17.740997598230408 0.5428186710349872
-68.40822070448387 -25.813313474851057 0.5018405654527915
-41.459708495068014 9.460635269732535 0.5617558760802102
56.70095307196618 7.37506362341685 0.4916064463694301
-9.111807689000642 -97.69546367449593 0.4995112854396885
40.67135178642991 33.742468580063644 0.4849154288903806
79.2985306515707 -43.24841149354233 0.4999447523412623
-99.93191341768681 32.07441346531425 0.5028961360870096
24.897147818982717 -16.911294639283454 0.6204876232306307
-19.327891848304617 75.75117853705419 0.492590826262159
-16.29200910873452 92.33498303158856 0.49706452186182987
-42.61246981203044 88.11690048468444 0.49751355903265265
-4.367568670609586 -74.16627457172346 0.5069881013056455
77.85625192458917 -99.21510373348414 0.49891861937580984
-21.469431491013808 59.51577259072144 0.4872085189031544
-16.422660691621616 29.746779073318976 0.4566893707727973
-6.140990070351094 -95.67817424492809 0.5047827002500924
81.37434087210517 12.60406497216664 0.49800260043299527
37.39337313177228 -42.84742958587184 0.47766583785746186
15.687233747076903 -72.45614833472878 0.5096783522279056
76.05500060887488 -85.62199171921239 0.5024042921061582
-53.994777813786364 7.407680614343761 0.518330402260294
-78.26333882590346 59.851840882260916 0.5028184224933115
89.90304007966327 7.360379599700423 0.501388244542544
-2.92970789300162 0.6402644876279311 0.02875037887810966
72.74402369083347 -85.40082398652949 0.5006916746284656
19.668648706744634 79.16860740412852 0.4916579356649707
22.39805176792258 33.16706718495101 0.5049783299197328
-98.77181521456515 -93.7014828268314 0.5006791978691959
-76.1393539483543 4.695561620615635 0.5021442182760595
37.82398236455248 22.26990332230882 0.4425498094190427
31.335077051590048 -49.52658233284717 0.5142690639277663
-16.497130213165832 98.60791607511115 0.49814324213414174
4.85349477240176 -5.434727798273343 0.690312809686961
24.774561636817964 69.14090624409934 0.5088317628903641
-12.839210490905842 63.53160282750741 0.5125196449764722
-3.525834186866007 -14.236772601840883 0.6657227815476829
-28.817637545533216 -98.60015096080834 0.5011931571509415
-38.13045307071832 30.492021592471843 0.5422381428407653
76.19942761844015 -9.232269773757622 0.5095924657459813
77.75805134755359 3.5979649608760838 0.49826633236031104
-78.73508307137367 -1.5076052515061775 0.49119447103287406
-88.04020334502052 4.8971535283269105 0.4940800355512652
-72.25711496148939 8.017098784116584 0.49201195135868236
53.67120250167076 67.5230268545701 0.5067512294122379
4.157905088582311 81.36543738756131 0.4921721398739437
9.308150545540087 -77.16298352646783 0.5006459337339716
78.05413839752322 21.13843179221773 0.5005307188446001
86.05759721095035 -17.652180091324794 0.49359458924500293
24.197696145343855 -69.95696988696096 0.5110035830291876
-40.498918351927784 56.28867228826539 0.4867061506305793
51.83293387604073 0.6435246083203765 0.5367796457030821
-45.77833354384067 92.22673509099317 0.499436997170772
79.66177637342261 -2.0149425358337822 0.5061311186335068
-19.68159013280824 -79.14115637988837 0.491743428673661
99.60468458889679 72.54218189490692 0.4996720377864943
82.07299180624506 -31.210031685874213 0.49373463389762934
32.15220385126719 56.597231738890855 0.5034688737169243
-39.39439710010735 56.229638432518556 0.4906901578333956
56.39992718255053 -55.359703418378544 0.4946886292518346
-43.17612967639719 -3.3482294555586662 0.4869370561210799
-12.96734366034724 95.9612741992687 0.4979428204101764
-38.406017651684095 -72.30192257791204 0.4921609047436295
60.527545069281075 37.394758540009406 0.5082092655427671
15.020223681250627 20.940212595137325 0.4473294223957768
57.78421285114348 72.0318052843653 0.5043378386542777
65.6068554995997 -8.563948095588671 0.4839433829313345
-78.70496035218153 -69.58265534296457 0.5032052703907609
-3.806502331498379 19.83025997824346 0.7265146999589267
-94.5152418070518 -44.06941551794894 0.4987941239854162
-51.84260643922618 91.41791186169934 0.5032951381872901
95.00046695954043 98.68199640170445 0.5010273349466688
34.17461430750305 -28.427644843642412 0.46673344196043376
-20.860445171217805 29.91529783664714 0.5713779991349953
-82.53032563834293 -53.27972361863693 0.5005238735525471
-58.65187632506434 27.417183524595785 0.5143998021964373
83.35100764288595 11.33608268154569 0.49876727342369115
68.14982675449684 42.166302467909475 0.5090602197464293
8.456608484514348 56.43960393519393 0.4860786628359496
33.26759117152233 38.44625863835273 0.4841717726964047
79.19719826488739 74.21942642369598 0.5029167868391047
13.89067155281225 -9.462495394617648 0.6786355952512773
14.469068258066912 -64.49011982458516 0.4831467109256041
79.28594812684707 -88.0219623958876 0.5005661338958237
85.29290031169077 63.72526452411998 0.49746374374927216
-47.92218599839215 96.64869315708347 0.5016509129572039
-29.271454777894306 -80.85129611217732 0.5048738241505591
46.24106217289267 -14.281631471160836 0.5370241377711631
-65.9795202069287 51.88615347689378 0.5015392336630772
29.99568916330793 -26.072804646652585 0.5439017088640077
-26.609777505818414 45.51227222682908 0.4931291820340222
65.08825383950284 -95.58027347366418 0.4991285645373486
-19.012516805767717 -63.88466003796711 0.4964791743844229
-97.72153772357657 29.57283667797543 0.5038310599829774
-76.98034152742521 -88.15297955579196 0.5000440635209603
-94.95193266296234 46.27120025440746 0.5024389562700108
5.590972725319546 79.09443757736355 0.49937116919504565
-16.162953600842016 -98.95520853285005 0.4964667498570661
5.961284150877418 -64.46979815045458 0.5143723569652183
-92.31921197678237 83.78703403922597 0.5007326841822322
-9.239471628916206 64.43522694140222 0.5033982777253724
28.619637550243482 16.945511393676952 0.5962779104879078
-78.08789005869733 30.127611150069242 0.504898383286107
-15.345212414059588 71.90887076381051 0.5100622534500298
40.52985085967842 98.4046744458287 0.4976593862510616
-48.38742489621906 53.11636152704193 0.49091808415371446
15.794845091786684 79.14790561258661 0.5032433022233153
-89.27106449884744 77.89096642837859 0.5005262062199567
-58.77734540147286 29.63456782304698 0.48318454606089783
-88.18926474069686 -67.8449250364111 0.502424111830465
-45.33805777449113 -98.13304492955142 0.5026163640009429
-16.611889108291564 24.009098695832236 0.5391519501507018
61.04184523289214 -6.876399833212602 0.5207330337149864
-28.98548378076657 19.359836667980687 0.4157457765940767
39.93366743954934 -89.68733436881995 0.500010358525508
-13.018579416869542 -54.1560794573722 0.5038159199964097
55.602249248746375 6.804951913360725 0.485803196852528
-8.846918743765329 -46.1993559262067 0.45225545186237703
-46.19988037026754 59.93002219643131 0.490547241503426
-47.03164062687699 6.582092585495047 0.4649095514432229
15.441571549953721 68.81585937660114 0.5133092074339145
10.358203939934768 34.92923496848519 0.5757235666477728
62.989889950092305 -97.22529987511932 0.4982978183164696
82.45678331692355 -56.11680049578172 0.5000402180646154
-75.2120351395605 72.87596630015821 0.5017894482147498
-20.154873251842844 -24.721318692011835 0.4295777790851116
59.108262760959605 21.97095086230354 0.4818686335455463
73.6603804692075 80.54950052398559 0.5001123178041792
40.598291209061074 90.75324245121865 0.5025567808874803
97.55469761238137 -23.530708209497405 0.49617759758087815
-0.977611247826033 11.392412308478299 0.7499425014357939
53.76668909865802 -10.361742254527883 0.5282493124577812
40.36479631136572 55.82807857332929 0.48633995008317926
22.021669185025956 -22.65844018587589 0.38289937382905104
29.759808946741742 -40.836124825688344 0.46579340754876025
-38.85596845015906 75.47626235168408 0.4926438419070507
-63.51242698385116 29.313083107248303 0.5014417770234222
32.72134190466406 27.544246978758196 0.5469849060701185
37.57187607836474 3.143342636972534 0.4147336850213835
-85.7150607529997 75.33874743569854 0.5011543429479162
49.84908763747674 92.3031447056348 0.502699583165795
84.39836607427432 59.4956531390057 0.4975010595322448
-62.6111673309838 -0.18917741160564105 0.4813202432663665
57.61310358807387 85.55668990036466 0.4981698216204778
-8.121567929139644 93.56216772755857 0.49592793097329446
83.02515357877712 -5.207394609532344 0.507905520374109
-96.79776451760395 80.22880885989053 0.4982425830947787
22.445327546602044 18.873479990278923 0.573321828583315
54.45412786288989 -41.01836819230553 0.5047869421366807
40.60324003928568 -58.3290321811992 0.5098259096857871
99.60398374925978 -64.09688223877305 0.5006520622137893
-57.874461277834286 -18.044861701129264 0.5066161224321134
5.916035099793021 80.80078065319233 0.4979045854040522
37.2590137422234 -44.79439252270701 0.5248039100340091
-61.690294460793616 -93.00490624170368 0.5027279598035742
39.231043292961374 69.50638440441531 0.5076279860294354
-37.880194352226624 39.35048249014514 0.5237882871725106
34.91053851002525 -83.70166989601995 0.4960430209521931
51.695894752799234 12.178285100209749 0.4715816896483774
-98.59364279393321 -1.757100460644054 0.5033205302034429
70.71907702567015 12.712958786846613 0.4909029959276614
-82.28269091850511 -19.076015514480787 0.4942990808643849
-55.06406124668628 96.36025025013473 0.5013139131285211
27.06191708846788 -30.047711298535475 0.4501415857118666
51.31679376180597 54.84562326196047 0.49050084872792205
-16.496467711842428 36.23632581988895 0.5346370679059179
-49.056906211177534 73.05294524421134 0.49347237100432484
-16.954366091415224 88.25671072669473 0.5047565459529844
-9.584025238125804 -51.52627407786498 0.5146303703693028
51.15517569252947 66.26123693366281 0.5047486278940527
43.16933674240934 51.610638313163236 0.5142127391654205
83.86552323733193 97.40140412256898 0.49860858556116294
-73.08895062308598 88.74893557567239 0.502032770056607
39.00335429540854 86.85840676592571 0.5017430916325982
-67.40087436946807 -97.00813641587945 0.5018067467154725
-58.81273209250448 53.905970484921454 0.5072713590989417
-42.092146686028855 -98.24146795829438 0.4967875458018599
-77.42420575239848 -46.01280402775541 0.5029493826742123
-91.12201443412684 -70.00979906027376 0.5021908696454355
-30.439737534863198 -77.87693237391855 0.5058617881938736
66.22551328454952 -78.26680705978812 0.502496439328972
55.886952762300695 75.89573273756778 0.49488166425468116
33.775491267851976 42.10825128710974 0.4865699271121897
-55.48082868726454 38.991511623124694 0.5137202070754838
27.896550623748027 97.94639201236706 0.5033548377166341
-82.782313686472 -23.136937966778135 0.5045387159169737
-64.57347271012634 93.61828623490277 0.4992169897619465
8.581794384171886 -89.25944985179852 0.5058933568485867
73.73697783786153 -27.702563256500895 0.4913625218926747
95.39990499335019 45.45820795561605 0.5021856309167257
69.20673668548235 -73.3314136500355 0.49669496864801893
44.064098706384215 31.968631945015034 0.5150810617231629
-40.23654635275757 84.57260809234486 0.4980194323259085
84.67368564873718 72.42429131843943 0.5027181444541285
-88.06228593836734 58.088171723769506 0.5029771025896774
-22.792281339972888 -15.14945382787019 0.5392279082697788
20.629544134347938 -57.064042280612036 0.509002871448355
43.47672867789598 -18.298575398570833 0.4521373249098456
82.96020559694043 -30.31286216638422 0.4951487898607936
-13.342730218222542 48.73980286732893 0.46594398599347847
-2.0947463024786117 57.231816024859484 0.4965194762522295
-25.226014958232227 -92.36808069651036 0.5047915659902443
-82.9291659015837 -5.149978129483685 0.5075808826240417
5.981979596091193 -39.23954732415365 0.5499747233632729
-17.609839098988743 -41.67701583340242 0.5439274105426456
-35.96260394113003 -98.96328759659332 0.5034041390425308
-43.21509613127805 44.5484494674013 0.4991971970065405
17.100736865810646 -5.259445117236112 0.5972529246809067
-57.359756288052566 61.688380275195186 0.49706048600677327
94.3340042802543 -62.04699668346609 0.49753781573609135
-17.30303422527213 66.72440895745078 0.48589295514058006
-52.65637493868513 -8.94996635489835 0.46631779643619437
-78.00327787959466 19.664223666396154 0.5070420746936602
-25.87681880892876 -13.668603645071968 0.5579027387494818
17.45882820632289 -71.96610350451893 0.5106972478370166
80.39743676595731 14.284773049609228 0.49150635841605456
-16.67771905029747 41.15870874200573 0.46281514206686275
-19.62662044729244 88.98895702616454 0.4942295445847143
28.834985750070985 32.79484981972297 0.45208985645954936
95.72748246785886 -5.312571461810123 0.5047830325342707
0.7522975661004665 63.63209806851637 0.500756472183474
13.62044238383811 16.38498977615619 0.45247594941025593
21.798638729574392 31.52389496897942 0.47454009297344846
60.39179316995481 81.12965585790889 0.4986261257389871
-95.93940760048014 39.38543963111886 0.4963915629998521
75.69101729596369 -23.06383085457982 0.496336868865456
-69.44190029771617 -91.39567870435405 0.502421879364873
34.75515233846883 95.81293047176877 0.5036081839115782
-87.22936870492404 84.70288785636438 0.5005897736587697
62.533090091759476 87.60680842099481 0.5002250115508263
42.40940071916896 5.298254060975921 0.549622720443933
-98.8314174296284 -0.45903572444017016 0.5041724730339249
-70.06745593949452 -74.85089637730891 0.5024797678712243
85.98768924735893 27.713884561979185 0.49972992015529627
21.31963074663929 -38.83056193114744 0.45402820260166876
-96.15737127304232 -94.66700385768185 0.498706264009368
71.27549075116343 70.75881250458991 0.4960084884136391
-59.59290595888251 -15.332427200470477 0.5186595511167866
96.23741995478696 -29.056278471909593 0.49594626888240834
70.97313949886842 5.2302823986179305 0.5078021737089621
-14.125964654928211 -9.41112308330463 0.7470326950983237
-26.732324841619587 -40.26246623429377 0.5334389578081385
12.360303740674809 42.17881767774915 0.44193354998428824
-4.840182715274665 6.293243184789105 0.9360391312965526
-73.6876243598666 64.24833515627142 0.4967129285828294
62.217300063890946 -13.032379990467973 0.4980478479814393
6.755672108260555 20.58083116623348 0.3169823126985044
60.29576908640246 -91.36114471104165 0.49835453405227387
-58.23979239285557 38.317424600579045 0.4947069346755955
72.30665385372518 -22.859675437918753 0.4929408244768222
48.248198770290486 59.998720961067676 0.5104072763269834
-89.05970116250164 26.37768527972173 0.5049392701618397
6.190722817757816 4.623588605872328 0.9309097244203379
37.37939049900035 -47.403466726689444 0.4950517843356774
20.264436422926096 51.81508812225451 0.507461491921331
5.298901082636647 49.379127795999864 0.48514323504634177
-66.04096556545895 -98.03785293267092 0.501563432389208
-9.806082007086076 76.43636412356162 0.5102030611751287
55.245946415993075 61.81064184814451 0.5061635532922631
70.65534990533914 -64.99375779791151 0.5044720165858381
-39.43225625466204 29.24956914638949 0.5298545906873119
33.638073812117625 49.5594789181508 0.47824706969814734
-91.43948707930554 -1.2346410903332838 0.49557660040276647
9.498123766417791 43.991343740140024 0.5249658753793952
41.31655820524708 -84.13144284575249 0.4973440035484114
-60.04600890685505 74.57419383268046 0.5047829427157187
-86.46791937042357 -68.14691234506292 0.49720603386399737
2.949597193585717 -84.08070138142631 0.49855571848394037
-73.29440605686128 31.527257872008022 0.507356523611625
-6.552457465691958 -96.19381848815934 0.5017252865293458
-15.014095924505483 40.47597944653049 0.5031668682975927
91.39415915949996 48.93605062129717 0.49637701306570436
79.6301880741353 26.09390077897791 0.5036027985319048
-0.7301653239601791 -20.399169473780816 0.749104707825701
-68.23095012961547 -99.94684047994735 0.5020258251184916
-43.19805300462933 -56.62382090199656 0.506523573889116
41.63055165813532 15.606844585925032 0.46740875585183017
26.694037005231962 92.35303094172761 0.5038520373769885
88.04875263425598 -81.48953763066763 0.49919946762403344
25.82001955504603 -21.743540257018722 0.5035620643383076
98.80586376108474 -28.560903151351084 0.5002696508150184
97.91057940069189 -43.27184915225606 0.4971201992593411
-10.94829182806572 -52.93244898383988 0.49103839786592834
-17.007507630962678 -24.779697047154386 0.6260713902169474
11.987281850069891 4.354863242887475 0.15580531198391073
33.65183473223084 -98.50137098495154 0.4976098242232178
-17.795005310289767 -46.826422057207154 0.46177481943599397
94.55971700723322 -19.125035133009717 0.5012061558844626
-79.78505589126222 2.790993775090527 0.5078234371210371
71.3755279263878 81.47921224957625 0.5030582089218404
-57.18541030176731 38.881515409937066 0.48508372474729916
21.910743096177214 36.0603559653064 0.558715130508216
59.47009449839905 -37.02913455751982 0.5043866344392829
-84.93966550526852 0.18491977314694452 0.4927921507366499
-75.55983526266752 75.16921444143793 0.4970737602867467
-69.70974201720645 10.144495885546462 0.5124516625302608
83.83217228264365 -50.271656032224854 0.4966299584158422
-2.240528014481029 -91.93146853776571 0.5007490195599941
67.912847849115 -43.308838737922486 0.5057322796541794
-8.31612351957051 17.610026992148804 0.4172864178440593
-28.97790133822602 0.8255109638616318 0.4793788019783565
55.11608790086504 78.81964236736135 0.5035776519454614
15.285215447837658 5.395610058222061 0.33143024175171737
-52.9668732658378 -76.17106489441326 0.5053094342743583
-10.126859924841881 95.39687870513745 0.5046779456280497
-87.138738674713 58.689066059961874 0.503220724486085
34.49683745907501 -25.055360639197218 0.5567469365220753
-50.07095486722799 -29.750165531499604 0.5251395528714918
-40.62430233424665 -19.24950113470007 0.5199634121309756
46.778810736586905 -42.18718516598088 0.4807743269300363
53.86213434756081 -74.23241081093923 0.498044110205875
30.565567483813197 87.85408973216204 0.5041568990308699
-21.55063181499473 -83.25915717608157 0.5050339230926951
-37.86114242322136 5.285469834188248 0.4595360245454225
23.96520341846204 30.108361994504833 0.4995501912097996
24.943552230476 7.503190436137757 0.545448340345167
-70.2585203190387 -99.94040877704929 0.49850955273694114
81.9891242074832 43.63572934991552 0.5049662027049615
-42.445967562695806 16.380060747727583 0.5527172456863716
80.88548956347404 -40.225888223700615 0.4998193147061685
14.477555857081327 54.375171871469405 0.47556821581151976
91.82706944986617 -36.28276052964816 0.5038972130458451
-36.561010518208526 -80.09550967297163 0.4935574971560106
-74.77126348509881 21.42765793633265 0.49946510516625287
-94.86578287701188 -41.48194686042912 0.49648965899131864
64.67275612901764 -17.715446596131486 0.5092458876230777
34.68273517087425 81.72511401915159 0.5003800097322953
-84.16176324897091 -76.98781616410899 0.500897731923052
-89.66470085349954 14.814109204744312 0.49475340283492536
63.8141310145424 -14.16072915925912 0.49371925114364346
-3.030671487367755 1.6006653356785137 0.08919616932812918
61.14121537943461 28.97350591022763 0.5156516138389261
20.992151565033495 -15.365195061052603 0.5340981638793115
-24.984951131995416 -13.168266501770361 0.34558469297016214
24.636729449612545 23.481474250471862 0.44622415527146625
-23.454698438532006 -94.91733764783163 0.49676783967897464
57.71277385522336 91.88622754447496 0.5029729181246297
6.670217438646347 -70.74194320357975 0.5100935459640191
-23.943909810900024 -63.48697938825087 0.5129978166806619
-26.468673204382313 39.79778336981025 0.4895847704773395
70.4306221975894 -68.18373226677417 0.498714951686276
42.75154686434237 7.202280186056981 0.4813661739668104
-6.030819432142366 49.73270739977346 0.46169104360110436
-44.0383342596738 -19.960409321198753 0.5346728029322392
86.73277332814942 -57.641034518049054 0.49788139476872467
-69.71584160547341 2.817957398978166 0.49633282471454176
23.664542858634647 -71.89817097252602 0.490816643262021
42.86828449536512 -66.74692949013817 0.5000418053575663
-20.386724741172173 -43.082676310378545 0.4778883131939259
-68.70586602282663 -66.81528412785434 0.504816858976896
71.6830769756188 -12.273204798813438 0.4925347680962352
-29.44503788190363 87.09231941524973 0.5004876431858495
95.26301472939016 -0.3194314604878912 0.502190040438119
0.3172500864086629 63.44503465288321 0.4933443298931327
54.881669121966866 -20.669110460126376 0.5126107636553175
2.8546540348288687 -46.84762367715183 0.45471303301572075
-79.45346604741758 51.741815189161514 0.4978914382019008
29.332134429788823 -9.44737465153014 0.45231190494221024
-48.83038257286651 -16.524300060090027 0.5314386079494378
91.3393143547741 -8.299235473634667 0.4980538429687046
-98.97420940662893 -88.8251723031166 0.5007008240266119
-95.48190106629472 57.35785440824756 0.5026717672457947
-6.90968633125226 19.738817843680636 0.6336323243140913
-3.294456390493039 -24.161444032867237 0.4852002058956277
40.55341906028153 35.59932946163556 0.4854640129362064
-40.59230268479554 29.849845054685318 0.46122674373799344
83.37404937449537 86.36284189907292 0.4994782201911814
0.9753251316056293 37.58813260683419 0.4158395369325252
44.77083709291418 77.4954333600088 0.506142371002865
-82.97245335219648 -96.35851068693707 0.5016767914714599
14.579855442354031 13.350181731141092 0.5682971500742816
-83.56495166492243 71.2933317656142 0.4971431987347769
76.06480611439991 95.72057529944863 0.4982919657673779
-78.733249145572 98.85688491950216 0.4997568183208703
54.10831035210339 -39.25763838786158 0.5030184086823373
-78.43095557533792 31.345647295772096 0.4943204153388592
-29.741661638739927 73.47530193828342 0.49889665023245994
-48.44818693059807 -83.19563206958647 0.502904816998148
58.51393143498896 33.873102195193866 0.5159647566792834
34.127574661364434 69.11383147941345 0.5101199115288356
50.56161858991658 -35.898617867370874 0.5015693265197843
-46.15024429921737 -29.267151729855414 0.5248633912327442
11.568439469584973 27.154313275189338 0.6129392752602001
86.0086671491031 -18.831194896131123 0.49355893053025895
-38.68209334691859 -99.2899402691693 0.49714202524914514
19.104404689199654 -29.144815131131452 0.4147872016235889
-43.34766536105932 12.58674342816191 0.5365732179626801
-20.04379333813246 -98.01405768869367 0.4976910505777349
69.24101176450517 76.38315775662281 0.4985027878166142
-56.6886047917045 -19.299929361456265 0.4779880925426109
92.86826270246402 -62.7679825182067 0.5011633876351048
-50.61627623224212 50.78978042940341 0.4940254319758021
62.42515233732689 -16.52167869955892 0.5176132520483314
-65.38911609102078 84.95095759584018 0.49771542251290024
57.761776013372526 91.85132337479408 0.5029783634232421
-45.474901753058816 -75.81612709365093 0.4959393610473959
68.66821095384884 -12.370730390263816 0.49635687997199146
-61.744640237203186 70.40087400949216 0.49816532837516764
23.930235747995198 75.06425643544392 0.49152157626372966
-53.319545024143224 -43.977894862754894 0.4850183380676392
-87.83530976582234 47.74529185353873 0.49818077027819335
-63.80303351819758 -61.46318989000845 0.4980161183326104
60.02906075697797 60.40910688790325 0.4942922299936649
87.40271458235412 -9.791306858544374 0.4934501048079035
25.292196057890678 15.19124293475187 0.6108692709017206
-97.62516221722552 -54.92009696438775 0.5015340589781967
-83.33791401694603 -10.310691832889233 0.5009889047370624
-69.6006905734756 83.7894582343605 0.5014169101457205
0.018334311047269125 -94.66563835873556 0.49662087199249655
43.00306832485299 -12.414987435656172 0.4990704064999473
11.223409344963642 -0.46325585183195983 0.8506290411476158
46.88194186818956 -59.48931552062704 0.49149041436904173
10.906853797299192 -17.700444345862223 0.6797836249112379
-6.332711056113837 -31.013242380893757 0.3890250357443431
40.416836098756534 -9.678831724515774 0.49108506706076815
68.6538745784506 -96.4577186649007 0.5008626589372344
-56.76072090898996 -91.23611111998862 0.499072587796792
14.5299284788385 -31.496815775232605 0.40041080376018945
47.211125768740715 -3.4766483793484895 0.45673506351387205
-38.725085094233336 83.18105617803164 0.4984640806697711
-67.80265930988404 97.78758474401198 0.49844215997461117
9.914917716862789 -56.24613268307426 0.48823882681493275
-86.85024336716441 -14.17041073278304 0.4934752499737347
-43.250084675572545 -24.90866867720578 0.4689107966259329
-87.06535608893616 63.93246373496922 0.5023107782329643
32.458919008353064 -8.205919065375312 0.5612859618191385
-91.44677710721953 21.92862049781563 0.4952820149170756
-97.46230463080737 64.03293039278404 0.49828774190203545
62.188131178122774 88.69792003455674 0.5030622816696344
23.10537432300663 -40.19504176410174 0.4975607016879719
56.752927297285225 27.358551123177776 0.48092817084243344
84.13069151849845 99.80734687335189 0.501459175436519
-52.92538775674795 67.38991824893071 0.5011442319724179
-72.72977959031962 -38.49378870548712 0.4971093727437807
-41.10703824214419 -29.568392305448526 0.4709988198435265
57.46848313281018 2.72267666143469 0.5104258039205448
64.9477831337714 -29.454020335766117 0.5041636271981284
-97.05864342111174 -94.7323002901311 0.4993691942631305
-92.74907535076457 2.873622007064853 0.5052668081482766
-67.26059690608591 83.86917759277759 0.49942437718541755
-51.811052926169054 -3.4739343598354253 0.5359873209206707
-84.98701284964056 89.62235540511031 0.5007489373032956
65.13468307876204 19.614751068757514 0.5090618404923829
0.7486151144852897 8.236657836204728 0.794560136110652
1.9017791533076718 -45.0258866133179 0.5305821008160697
-83.47552531438534 -70.5459873120266 0.4992769509280581
18.262893561864416 22.152524553521033 0.40328681504665853
-30.31532900363689 -61.67183462311492 0.4892545116029154
-91.52727812601529 -98.12464214268934 0.5003231411987197
43.61320272281543 -45.252669224241025 0.4796043333813025
-92.35559201167413 -21.03982883826714 0.4970678039204783
-91.04061495108793 85.44335248015761 0.5000819181301207
85.569334947644 96.32538586123334 0.49839072409963847
63.536159343766144 36.70602375718431 0.5076163575584969
-79.67417402593978 6.371875311281357 0.508558576790372
22.690614735720516 -38.29205485161997 0.47227651086606925
-6.716684406320212 0.0818500094379715 0.20412390766074923
69.39177466539431 -16.095290102332484 0.5061921052112835
99.11305316002014 -96.73247104639793 0.4989392825885075
26.451873242513273 -89.61509604302167 0.5002626401852025
-36.727510559111856 -62.79678050458028 0.4930052097603142
-34.58410188811686 -42.17401903213918 0.5203117614741889
4.255550995714017 -2.7372480655359936 0.8651072885411817
-93.97669846253595 92.36439463326113 0.498611084949399
-49.61354099385878 -84.63924392939805 0.4994159398746325
-94.42143069534647 -79.49466106909227 0.5004577512213597
-91.91328691652151 -43.957191966492104 0.5034992841218814
-56.554729151836504 12.971231472953846 0.5257373482993728
-34.81230064811052 -57.442121967889584 0.5120079304883353
-16.15901282500947 87.69501973060426 0.504657790250614
31.97978939640086 62.17868883821936 0.5005825023647908
3.0889806962545663 -91.99130870125029 0.5016636703364143
-67.82172190417808 -39.0126279387111 0.49184230308167876
-78.98761260842362 -9.728700057833507 0.5046075576578847
-32.88719222324721 25.581904250745467 0.5052373461207242
-15.984100357478212 99.20319513649133 0.49595845442920344
52.70824525819992 17.23032823927555 0.5175043822604248
-21.637024186158243 3.353924889535122 0.27572280810106786
75.03362492578006 75.11995764450111 0.4990451896487697
-74.18475190440499 73.66938880625682 0.5006381817964372
-29.528919179131677 -76.34410773723945 0.49207569467035883
-26.33339380069873 40.660544903518286 0.5391048140117798
-11.371975150092965 88.65121852735535 0.5058833155116729
55.95204882547128 -79.75033905251976 0.49546563543412225
-75.70444503157354 12.691881226710919 0.5096275257311101
-44.51692652259178 16.04207085338267 0.4559328067528911
7.842736545079987 65.79837046827382 0.48562187675963864
-19.73978779044974 -92.00103589768756 0.4950894252126935
35.38581921120277 -59.73412488114971 0.48804775734807015
-45.37777166399506 -57.17051414203025 0.49871473881901385
68.82547848913089 -50.54973200705453 0.49698334386552984
-5.500074313520571 11.272317342311354 0.127116014005476
-65.7583905603274 77.98131131451126 0.5037737064308966
60.190678482695944 -32.48100539788854 0.4979654945663299
92.65783897113212 55.2431200031333 0.501645337475729
